1.62434536 -0.61175641 -0.52817175 1
-1.07296862 0.86540763 -2.3015387 1
1.74481176 -0.7612069 0.3190391 1
-0.24937038 1.46210794 -2.06014071 1
-0.3224172 -0.38405435 1.13376944 1
-1.09989127 -0.17242821 -0.87785842 1
0.04221375 0.58281521 -1.10061918 1
1.14472371 0.90159072 0.50249434 1
0.90085595 -0.68372786 -0.12289023 1
-0.93576943 -0.26788808 0.53035547 1
-0.69166075 -0.39675353 -0.6871727 1
-0.84520564 -0.67124613 -0.0126646 1
-1.11731035 0.2344157 1.65980218 1
0.74204416 -0.19183555 -0.88762896 1
-0.74715829 1.6924546 0.05080775 1
-0.63699565 0.19091548 2.10025514 1
0.12015895 0.61720311 0.30017032 1
-0.35224985 -1.1425182 -0.34934272 1
-0.20889423 0.58662319 0.83898341 1
0.93110208 0.28558733 0.88514116 1
-0.75439794 1.25286816 0.51292982 1
-0.29809284 0.48851815 -0.07557171 1
1.13162939 1.51981682 2.18557541 1
-1.39649634 -1.44411381 -0.50446586 1
0.16003707 0.87616892 0.31563495 1
-2.02220122 -0.30620401 0.82797464 1
0.23009474 0.76201118 -0.22232814 1
-0.20075807 0.18656139 0.41005165 1
0.19829972 0.11900865 -0.67066229 1
0.37756379 0.12182127 1.12948391 1
1.19891788 0.18515642 -0.37528495 1
-0.63873041 0.42349435 0.07734007 1
-0.34385368 0.04359686 -0.62000084 1
0.69803203 -0.44712856 1.2245077 1
0.40349164 0.59357852 -1.09491185 1
0.16938243 0.74055645 -0.9537006 1
-0.26621851 0.03261455 -1.37311732 1
0.31515939 0.84616065 -0.85951594 1
0.35054598 -1.31228341 -0.03869551 1
-1.61577235 1.12141771 0.40890054 1
-0.02461696 -0.77516162 1.27375593 1
1.96710175 -1.85798186 1.23616403 1
1.62765075 0.3380117 -1.19926803 1
0.86334532 -0.1809203 -0.60392063 1
-1.23005814 0.5505375 0.79280687 1
-0.62353073 0.52057634 -1.14434139 1
0.80186103 0.0465673 -0.18656977 1
-0.10174587 0.86888616 0.75041164 1
0.52946532 0.13770121 0.07782113 1
0.61838026 0.23249456 0.68255141 1
-0.31011677 -2.43483776 1.0388246 1
2.18697965 0.44136444 -0.10015523 1
-0.13644474 -0.11905419 0.01740941 1
-1.12201873 -0.51709446 -0.99702683 1
0.24879916 -0.29664115 0.49521132 1
-0.17470316 0.98633519 0.2135339 1
2.19069973 -1.89636092 -0.64691669 1
0.90148689 2.52832571 -0.24863478 1
0.04366899 -0.22631424 1.33145711 1
-0.28730786 0.68006984 -0.3198016 1
-1.27255876 0.31354772 0.50318481 1
1.29322588 -0.11044703 -0.61736206 1
0.5627611 0.24073709 0.28066508 1
-0.0731127 1.16033857 0.36949272 1
1.90465871 1.1110567 0.6590498 1
-1.62743834 0.60231928 0.4202822 1
0.81095167 1.04444209 -0.40087819 1
0.82400562 -0.56230543 1.95487808 1
-1.33195167 -1.76068856 -1.65072127 1
-0.89055558 -1.1191154 1.9560789 1
-0.3264995 -1.34267579 1.11438298 1
-0.58652394 -1.23685338 0.87583893 1
0.62336218 -0.43495668 1.40754 1
0.12910158 1.6169496 0.50274088 1
1.55880554 0.1094027 -1.2197444 1
2.44936865 -0.54577417 -0.19883786 1
-0.7003985 -0.20339445 0.24266944 1
0.20183018 0.66102029 1.79215821 1
-0.12046457 -1.23312074 -1.18231813 1
-0.66575452 -1.67419581 0.82502982 1
-0.49821356 -0.31098498 -0.00189148 1
-1.39662042 -0.86131636 0.67471153 1
0.61853913 -0.44317193 1.81053491 1
-1.30572692 -0.34498721 -0.23083974 1
-2.793085 1.93752881 0.36633201 1
-1.04458938 2.05117344 0.585662 1
0.42952614 -0.6069984 0.10622272 1
-1.52568032 0.79502609 -0.37443832 1
0.1340482 1.20205486 0.28474811 1
0.26246745 0.2764993 -0.7332716 1
0.83600472 1.54335911 0.75880566 1
0.88490881 -0.87728152 -0.86778722 1
-1.44087602 1.23225307 -0.25417987 1
1.39984394 -0.78191168 -0.43750898 1
0.09542509 0.92145007 0.0607502 1
0.21112476 0.01652757 0.17718772 1
-1.11647002 0.0809271 -0.18657899 1
-0.05682448 0.49233656 -0.68067814 1
-0.08450803 -0.29736188 0.417302 1
0.78477065 -0.95542526 0.58591043 1
2.06578332 -1.47115693 -0.8301719 1
-0.8805776 -0.27909772 1.62284909 1
0.01335268 -0.6946936 0.6218035 1
-0.59980453 1.12341216 0.30526704 1
1.3887794 -0.66134424 3.03085711 1
0.82458463 0.65458015 -0.05118845 1
-0.72559712 -0.86776868 -0.13597733 1
-0.79726979 0.28267571 -0.82609743 1
0.6210827 0.9561217 -0.70584051 1
1.19268607 -0.23794194 1.15528789 1
0.43816635 1.12232832 -0.9970198 1
-0.10679399 1.45142926 -0.61803685 1
-2.03720123 -1.94258918 -2.50644065 1
-2.11416392 -0.41163916 1.27852808 1
-0.44222928 0.32352735 -0.10999149 1
0.00854895 -0.16819884 -0.17418034 1
0.4611641 -1.17598267 1.01012718 1
0.92001793 -0.19505734 0.80539342 1
-0.70134443 -0.53722302 0.15626385 1
-0.19022103 -0.44873803 -0.67244804 1
-0.55749472 0.93916874 -1.94332341 1
0.35249436 -0.23643695 0.7278135 1
0.51507361 -2.78253447 0.58464661 1
0.32427424 0.02186284 -0.46867382 1
0.85328122 -0.41302931 1.83471763 1
0.56438286 2.13782807 -0.785534 1
-1.75592564 0.7147896 0.85270406 1
0.0353601 -1.53879325 -0.44789518 1
0.61798553 -0.18417633 -0.11598519 1
-0.17545897 -0.93391466 -0.53302033 1
-1.42655542 1.76795995 -0.47537288 1
0.47761018 -1.02188594 0.79452824 1
-1.87316098 0.92061512 -0.03536792 1
2.11060505 -1.30653407 0.07638048 1
0.36723181 1.23289919 -0.42285696 1
0.08646441 -2.14246673 -0.83016886 1
0.45161595 1.10417433 -0.28173627 1
2.05635552 1.76024923 -0.06065249 1
-2.413503 -1.77756638 -0.77785883 1
1.11584111 0.31027229 -2.09424782 1
-0.22876583 1.61336137 -0.37480469 1
-0.74996962 2.0546241 0.05340954 1
-0.4791571 0.35016716 0.01716473 1
-0.42914228 1.20845633 1.1157018 1
0.84086156 -0.10288722 1.14690038 1
-0.04970258 0.46664327 1.03368687 1
0.80884436 1.78975468 0.45128402 1
-1.68405999 -1.1601701 1.35010682 1
-0.33128317 0.38653915 -0.85145566 1
1.00088142 -0.38483225 1.45810824 1
-0.53223402 1.1181334 0.6743961 1
-0.72239191 1.09899633 -0.90163449 1
-0.82246719 0.72171129 -0.625342 1
-0.59384307 -0.34390071 -1.00016919 1
1.04499441 0.6085147 -0.0693287 1
-0.10839207 0.45015551 1.7653351 1
0.8709698 -0.50845713 0.77741921 1
-0.11877117 -0.19899818 1.86647138 1
-0.4189379 -0.47918492 -1.95210529 1
-1.40232915 0.45112294 -0.6949209 1
0.5154138 -1.11487105 -0.76730983 1
0.67457071 1.46089238 0.5924728 1
1.19783084 1.70459417 1.04008915 1
-0.91844004 -0.10534471 0.63019567 1
-0.4148469 0.45194604 -1.57915629 1
-0.82862798 0.52887975 -2.23708651 1
-1.1077125 -0.01771832 -1.71939447 1
0.057121 -0.79954749 -0.2915946 1
-0.25898285 0.1892932 -0.56378873 1
0.08968641 -0.6011568 0.55607351 1
1.69380911 0.19686978 0.16986926 1
-1.16400797 0.69336623 -0.75806733 1
-0.8088472 0.55743945 0.18103874 1
1.10717545 1.44287693 -0.53968156 1
0.12837699 1.76041518 0.96653925 1
0.71304905 1.30620607 -0.60460297 1
0.63658341 1.40925339 1.62091229 1
-0.80618482 -0.25167421 0.38271517 1
-0.28899734 -0.39181624 0.68400133 1
-0.35340998 -1.78791289 0.36184732 1
-0.42449279 -0.73153098 -1.56573815 1
1.01382247 -2.22711263 -1.6993336 1
-0.27584606 1.22895559 1.30970591 1
-1.15498263 -0.1776322 -1.51045638 1
1.01120706 -1.47656266 -0.14319575 1
1.03298378 -0.22241403 1.47016034 1
-0.87000822 0.36919047 0.85328219 1
-0.13971173 1.38631426 0.54812958 1
-1.63744959 3.9586027 0.64864364 1
0.10734329 -1.39881282 0.08176782 1
-0.45994283 0.64435367 0.37167029 1
1.85300949 0.14225137 0.51350548 1
0.37245685 -0.1484898 -0.1834002 1
1.1010002 0.78002714 -0.6294416 1
-1.1134361 -0.06741002 1.16143998 1
-0.02752939 1.74643509 -0.77507029 1
0.14164054 -2.51630386 -0.59566788 1
-0.30912132 0.51093777 1.71066184 1
0.03494359 1.45391758 0.66168108 1
0.98635218 -0.46615486 1.38499134 1
-0.07296428 1.49515861 0.0479379 2
0.48185445 -0.4614036 0.48365209 2
1.3511169 0.93122954 -0.34776494 2
2.47073986 1.33722094 2.00806543 2
1.78522692 0.33513223 -0.94504696 2
0.08457563 2.22515585 -0.05354607 2
1.81604368 0.38759303 1.39310924 2
-0.82391985 2.16707517 0.9603313 2
1.8858258 1.18986165 1.7980638 2
0.89806796 1.74335654 -0.50957268 2
-0.08071069 1.725474 0.96082174 2
0.77124583 0.82038771 1.50172511 2
0.40665625 1.5103076 0.08420815 2
0.59274796 1.98495167 2.07125243 2
-0.09715436 1.83863475 -0.03918232 2
1.73302323 -0.89881206 -0.11711069 2
0.49102772 0.83351405 2.42361443 2
1.90399917 2.57546791 2.2066079 2
0.71713645 0.73367312 2.06897162 2
1.04037143 0.84300633 -0.33520272 2
0.89353988 -1.79099641 0.54388244 2
0.02010975 1.69257435 0.52132764 2
0.67094845 2.34710546 -0.04906775 2
1.3166589 -0.89526695 1.08972912 2
1.41026575 1.85987097 0.10131681 2
1.31965694 1.3181542 0.98076837 2
1.15001628 1.46353432 1.39788042 2
0.00398911 -0.19586151 3.50598029 2
2.91979229 -0.39169388 1.45021774 2
1.62743708 1.75133724 1.14039544 2
0.07312806 0.81757959 0.50887486 2
1.13437312 0.7316287 0.86832437 2
2.01855247 2.2305582 -0.18110317 2
0.5400699 0.20920005 2.22372221 2
0.9406321 2.4489894 0.52241915 2
1.02599999 -0.34869645 2.30253554 2
0.63738791 -0.48515645 0.40753871 2
-1.30490794 0.96818283 1.11248774 2
1.28807817 2.49810818 0.69902385 2
1.80745592 1.31223869 0.80667836 2
-1.07680202 1.94750117 0.49602605 2
1.01795589 -0.27046078 1.28299553 2
1.10803082 1.02941762 0.86520687 2
2.04921829 1.96622086 1.72591685 2
4.32107876 0.39977467 0.62048248 2
-0.01480369 1.4359862 0.31251261 2
-1.69836174 -0.21333813 1.0722519 2
2.00978733 -0.55694156 0.38755787 2
0.86064819 0.27146251 1.53116379 2
1.00400084 1.32126591 0.27478507 2
2.53653633 0.99962499 2.29354962 2
0.56100234 1.59003946 0.32061622 2
0.04909075 0.29564967 0.95413331 2
0.78126654 2.53920701 -0.14870423 2
-0.09033833 2.70018815 1.60878366 2
-0.88141087 1.4972691 1.2373327 2
-1.14444405 0.63043757 0.98254505 2
1.73140252 1.95449567 1.09574677 2
2.0334508 0.85372673 0.14250318 2
0.06581816 1.54264529 -0.95816909 2
1.67780757 -0.10657307 0.6407759 2
1.5053819 2.2179409 -0.94068096 2
0.19382179 1.04906169 0.40391367 2
1.8616231 -1.08639057 1.36180164 2
1.42592018 1.0490804 2.10223673 2
-0.22957425 2.10861676 0.2970796 2
1.72555052 0.67579578 1.81434313 2
1.78046993 -0.46405357 0.84550881 2
0.90756768 0.76212473 0.24433723 2
2.85143789 1.20909668 2.55501599 2
0.43085135 -0.06179676 1.13224778 2
0.4367634 3.39014596 1.24542285 2
2.15259914 0.77576423 0.67393869 2
0.96908858 1.35571726 1.84958685 2
0.87784598 0.31914843 -0.06787658 2
0.92332064 1.57296273 1.45794708 2
0.98218245 0.3998612 1.14676526 2
1.57180488 0.96318234 1.11236849 2
0.84949567 1.91549927 0.56179973 2
1.18553562 1.39442803 1.72552256 2
2.49588477 1.67545381 1.59921324 2
-0.47023709 1.60640394 3.29371761 2
0.16998901 -0.01951985 0.78534616 2
2.02124813 1.52475049 0.52287579 2
0.96400982 2.03703898 1.67261975 2
3.42887697 2.00568668 1.35356722 2
1.61472628 0.65101581 0.022227 2
1.17195713 1.49056104 -0.39528303 2
0.47764353 0.6307441 1.2656424 2
0.73953394 1.44509671 1.09811225 2
2.06032751 -0.71116766 2.65712464 2
2.41767401 1.05031709 1.65032321 2
1.6065484 0.26271037 1.16466507 2
1.77817418 1.30981676 2.05132077 2
1.09499611 1.08075099 0.23219625 2
0.63546195 0.54028232 2.70548352 2
1.24050555 0.00005734 1.39859839 2
0.8079963 -2.05376438 1.47985237 2
-0.55269878 1.57846442 0.0387364 2
-0.45832446 1.49434165 -0.49419377 2
0.5533008 1.20437739 1.61223252 2
1.74488454 0.96371871 0.16760465 2
2.92381543 0.39401868 2.80358898 2
0.54747503 2.16128569 2.06996554 2
-0.04553425 1.35528451 1.75539203 2
1.70098212 0.80106255 1.30196005 2
0.60531032 -0.17181338 1.98401224 2
0.44031858 2.37975819 1.6024509 2
0.10735333 0.83880168 0.71361508 2
0.12911235 1.50142959 0.52138593 2
2.63169151 1.86089124 0.11981094 2
0.98099948 0.77323981 -0.56450785 2
1.93125568 1.94980882 1.92550121 2
0.54301214 2.06898597 0.79024706 2
1.93514778 2.81252782 1.14010988 2
-0.41914878 0.6830988 1.64098587 2
2.21987438 -0.13379204 0.8094517 2
1.23333913 1.43499832 1.9104236 2
0.05156034 0.5765217 2.00796648 2
1.39233491 1.44838065 2.1253235 2
1.10405339 1.52800342 0.68543614 2
-0.34501002 -0.29525789 1.07432055 2
0.80043928 0.34539683 1.3180143 2
0.10972845 1.11133727 0.98047744 2
0.16001109 -1.29820588 2.45652739 2
1.31663724 -1.66412594 0.57357138 2
1.39378773 0.77185931 1.58033011 2
0.02673241 1.17516773 0.94651631 2
0.81693801 0.7789711 1.19975956 2
1.93272141 0.4698802 0.59275998 2
1.16056499 0.87985002 1.38560229 2
1.71829074 2.2911889 0.88355585 2
-1.277298 0.93037546 1.35387043 2
0.81304498 0.84676384 -1.43250851 2
1.50798434 0.67596767 -0.51107661 2
0.12857793 0.13517006 1.60874908 2
1.5616381 2.51475038 1.64792481 2
-0.35164939 -0.40920928 2.13072535 2
2.5666862 0.7622519 1.55880299 2
-0.50489128 -0.94392176 -0.17402368 2
0.64281247 0.47862361 0.76988594 2
0.50898557 1.67930114 2.42754695 2
1.03619746 3.02999749 0.36559529 2
0.47489661 1.38773466 0.64520124 2
2.17705226 0.35889218 2.32269399 2
1.19417502 3.56545278 0.53588509 2
0.79730609 1.14565182 -1.18102797 2
1.60226513 1.48084611 1.10931836 2
-0.54439578 -0.54656104 1.58661852 2
2.17517869 2.59446463 0.10455848 2
-0.03079803 0.7280612 -0.97573014 2
0.41106882 1.85178964 2.6346025 2
1.27915545 2.64055365 1.41087294 2
1.19136392 0.82855881 1.18693705 2
0.74514705 0.85908925 0.33810817 2
1.2590319 1.01444842 -0.47958003 2
0.7592995 0.14432861 -1.04820046 2
1.48388365 2.55868825 3.36973019 2
2.56241953 0.12919845 2.17524499 2
2.119899 -0.98782953 1.86128852 2
1.62717704 1.16280825 1.28861672 2
1.05830738 2.63193585 0.59821117 2
0.80006061 1.00738898 1.27566408 2
-0.7632498 2.38797381 1.22619976 2
1.5691246 1.19731599 0.81355873 2
0.64475849 1.09611414 1.15205234 2
2.15526176 1.34605775 0.86651133 2
2.98656511 -0.27942616 -0.34020918 2
1.35460205 0.78762671 -0.77459599 2
0.68777034 0.28934423 2.1311286 2
0.37874823 2.05061465 1.4597817 2
0.79366909 1.02117183 1.42865874 2
-1.30803851 1.32706841 0.62088039 2
2.79791937 0.30873104 2.14256392 2
-1.51492462 1.81462501 1.27610275 2
0.75298351 0.87911069 0.73943941 2
1.42300321 0.86575144 -0.78773771 2
0.81418914 3.23472174 1.0468462 2
1.29078795 0.56194549 1.17405447 2
1.17794556 0.73879808 1.8632634 2
0.07692204 0.86980479 1.50505375 2
0.73299582 -0.22387965 1.55826422 2
0.01783904 0.55269184 0.17185241 2
0.88927159 0.57061403 0.52541013 2
1.68097893 2.7626089 0.64248579 2
1.52265517 0.64458651 1.09894225 2
2.12775134 1.05029324 0.18445265 2
0.27007339 0.38325357 0.98669578 2
1.85801145 -0.35879684 -0.03728917 2
0.07545879 -0.74940542 2.32592268 2
0.96362136 2.90077932 -0.42433368 2
2.29418231 0.29835147 0.59263031 2
0.01103554 0.05013614 -0.32374541 2
1.21633296 -0.31420103 0.75819813 2
0.99079846 1.66661069 1.10039172 2
1.32132583 1.51441156 0.98274913 2
1.36334792 0.02027981 0.22452957 2
2.89751081 0.98826579 0.28949933 2
2.3798799 0.84315739 0.35350897 2
-0.44899155 1.77949187 -0.08630091 2